   2.2342492e+01   1.1410639e+02
   2.2362273e+01   1.1410362e+02
   2.2375262e+01   1.1413438e+02
   2.2343545e+01   1.1414137e+02
   2.2323403e+01   1.1412684e+02
   2.2317591e+01   1.1415638e+02
   2.2324926e+01   1.1418456e+02
   2.2338224e+01   1.1417387e+02
   2.2351362e+01   1.1419924e+02
   2.2368082e+01   1.1415969e+02
   2.2376374e+01   1.1419215e+02
   2.2406293e+01   1.1418640e+02
   2.2382209e+01   1.1422153e+02
   2.2404419e+01   1.1422166e+02
   2.2351990e+01   1.1423752e+02
   2.2331952e+01   1.1422142e+02
   2.2320853e+01   1.1420542e+02
   2.2307753e+01   1.1419075e+02
   2.2293861e+01   1.1417032e+02
   2.2320344e+01   1.1423645e+02
   2.2302024e+01   1.1422776e+02
   2.2302582e+01   1.1425825e+02
   2.2286261e+01   1.1423985e+02
   2.2282350e+01   1.1421583e+02
   2.2283276e+01   1.1419284e+02
   2.2283773e+01   1.1413900e+02
   2.2263880e+01   1.1414925e+02
   2.2252934e+01   1.1413493e+02
   2.2238853e+01   1.1420198e+02
   2.2233233e+01   1.1422647e+02
   2.2429080e+01   1.1420858e+02
   2.2426266e+01   1.1423581e+02
   2.2417832e+01   1.1426754e+02
   2.2392240e+01   1.1427182e+02
   2.2375490e+01   1.1425626e+02
   2.2337683e+01   1.1425948e+02
   2.2323689e+01   1.1427113e+02
   2.2309238e+01   1.1429026e+02
   2.2282729e+01   1.1426715e+02
   2.2276134e+01   1.1429765e+02
   2.2265748e+01   1.1423667e+02
   2.2208749e+01   1.1424653e+02
   2.2216507e+01   1.1420557e+02
   2.2263771e+01   1.1419033e+02
   2.2247195e+01   1.1415927e+02
   2.2274075e+01   1.1411721e+02
